Data V1.1
32
0;0;0;0;0;0;0;0;0;0;0;0;0;0;0;0;0;0;0;0;0;0;0;0;0;0;0;0;0;0;0;0;
0;0;0;0;87_006003;0;0;0;0;0;0;0;0;0;0;0;0;0;0;0;0;0;0;0;0;0;0;0;0;0;0;0;
0;3_number:;10_isOrigin;10_002002;88;0;0;0;0;0;0;0;0;0;0;0;0;0;0;0;0;0;0;0;0;0;0;0;0;0;0;0;
0;8_2;10_isOrigin;10_003002;0;0;0;0;0;0;0;0;0;0;0;0;0;0;0;0;0;0;0;0;0;0;0;0;0;0;0;0;
0;0;0;0;0;0;0;0;0;0;0;0;0;0;0;0;0;0;0;0;0;10_006009;32;0;0;0;0;0;0;0;0;0;
0;0;0;0;0;0;0;0;87_020003;0;0;0;0;0;0;0;0;0;0;0;0;10_008019;87_006003;0;0;0;0;0;0;0;0;0;
0;0;0;81_002999999main loop;0;0;0;10_007004;88;10_isOrigin;0;0;0;0;0;0;0;0;0;0;0;10_006009;88;0;0;0;0;0;0;0;0;0;
0;0;0;82;10_isOrigin;8_0;10_isOrigin;10_007006;0;10_isOrigin;0;0;0;0;0;0;0;0;0;0;0;10_008019;0;0;0;0;0;0;0;0;0;0;
0;0;0;82;10_isOrigin;0;0;10_008004;0;10_isOrigin;0;0;0;0;0;0;0;10_008009;11;10_isOrigin;0;0;0;0;0;0;0;0;0;0;0;0;
0;0;0;83;0;0;0;0;0;0;0;0;0;0;0;0;0;0;0;0;0;0;0;0;0;0;0;0;0;0;0;0;
0;0;0;0;0;0;0;0;0;0;0;0;0;10_007009;36;0;0;0;0;0;0;0;0;0;0;0;0;0;0;0;0;0;
0;0;0;0;0;0;0;0;0;0;0;0;0;10_013011;87_011017;0;0;81_003999999print;0;0;0;0;0;0;0;0;10_012018;32;0;0;0;0;
0;0;0;0;0;0;0;0;0;0;0;0;0;10_006009;88;0;0;82;10_isOrigin;0;0;0;0;0;0;0;10_014024;87_006003;0;0;0;0;
0;0;0;0;0;0;0;0;0;0;8_0;10_isOrigin;0;10_007009;0;0;0;82;10_isOrigin;10_013018;4_*****************;10_isOrigin;0;0;0;0;10_012018;88;0;0;0;0;
0;0;0;0;0;0;0;0;0;0;0;0;0;10_008009;0;0;0;82;10_isOrigin;10_014018;4;10_isOrigin;10_014021;11;10_isOrigin;0;10_014024;88;0;0;0;0;
0;0;0;0;0;0;0;0;0;0;0;0;0;0;0;0;0;83;0;0;0;0;0;0;0;0;0;0;0;0;0;0;
0;0;0;0;0;0;0;0;0;0;0;0;0;0;0;0;0;0;0;0;0;0;0;0;0;0;0;0;0;0;0;0;
0;0;0;0;0;0;0;0;0;0;0;0;0;0;0;0;0;0;0;0;0;0;0;0;0;0;0;0;0;0;0;0;
0;0;0;0;0;0;0;0;0;0;0;0;0;0;0;0;0;0;0;0;0;0;0;0;0;0;0;0;0;0;0;0;
0;0;0;0;0;0;0;0;0;0;0;10_021009;0;0;0;0;0;0;0;0;0;0;0;0;0;0;0;0;0;0;0;0;
0;0;0;81_003025017divide;0;0;87_020008;0;81_003999999divide loop;0;0;0;17;10_isOrigin;0;0;0;0;0;0;0;0;87_020008;0;0;0;0;0;0;0;0;0;
0;0;0;82;10_isOrigin;10_021004;88;0;82;10_isOrigin;0;10_023009;0;10_isOrigin;0;0;0;0;0;0;0;10_020013;88;0;0;0;0;0;0;0;0;0;
0;0;0;82;10_isOrigin;10_022004;0;0;82;10_isOrigin;0;0;0;0;0;0;0;0;10_022009;11;10_isOrigin;10_022020;88;0;0;0;0;0;0;0;0;0;
0;0;0;82;10_isOrigin;10_023004;0;0;82;10_isOrigin;0;0;0;0;0;0;0;0;0;0;0;10_023009;88;0;0;0;0;0;0;0;0;0;
0;0;0;83;0;0;0;0;83;0;0;0;0;0;0;0;10_021013;36;0;0;0;0;0;0;0;0;0;0;0;0;0;0;
0;0;0;0;0;0;0;0;0;0;0;0;0;0;8_0;10_isOrigin;10_025015;84_003;0;0;0;0;0;0;0;0;0;0;0;0;0;0;
0;0;0;0;0;0;0;0;0;0;0;0;0;0;0;0;10_021009;85;0;0;0;0;0;0;0;0;0;0;0;0;0;0;
0;0;0;0;0;0;0;0;0;0;0;0;0;0;0;0;10_022009;85;0;0;0;0;0;0;0;0;0;0;0;0;0;0;
0;0;0;0;0;0;0;0;0;0;0;0;0;0;0;0;10_023009;85;0;0;0;0;0;0;0;0;0;0;0;0;0;0;
0;0;0;0;0;0;0;0;0;0;0;0;0;0;0;0;0;86;0;0;0;0;0;0;0;0;0;0;0;0;0;0;
0;0;0;0;0;0;0;0;0;0;0;0;0;0;0;0;0;0;0;0;0;0;0;0;0;0;0;0;0;0;0;0;
0;0;0;0;0;0;0;0;0;0;0;0;0;0;0;0;0;0;0;0;0;0;0;0;0;0;0;0;0;0;0;0;
