Data V1.1
32
7_prints all possible pythagorean triple for a given c;0;0;0;0;0;0;0;0;0;0;0;0;0;0;0;0;0;0;0;0;0;0;0;0;0;0;0;0;0;0;0;
0;0;0;8_0;10_isOrigin;0;87_014002;0;0;0;0;0;0;0;0;0;0;0;0;0;0;0;0;0;87_019023;0;0;0;0;0;0;0;
0;3_enter c:;10_isOrigin;0;0;10_001004;88;0;0;0;0;0;0;0;0;81_005999999print;0;0;0;0;0;0;0;10_003016;88;0;0;0;0;0;0;0;
0;0;0;0;0;10_002002;0;0;0;0;0;0;0;0;0;82;10_isOrigin;10_003016;4_******************;10_isOrigin;0;0;0;10_004016;0;0;0;0;0;0;0;0;
0;0;0;0;0;10_002002;0;0;0;0;0;0;0;0;0;82;10_isOrigin;10_004016;4;10_isOrigin;0;10_006016;31;10_005016;0;0;0;0;0;0;0;0;
0;0;0;0;0;10_007005;0;0;0;0;0;0;0;0;0;82;10_isOrigin;0;0;0;0;10_007016;87_011023;10_006016;0;0;0;0;0;0;0;0;
0;0;0;10_002002;0;0;0;0;0;0;0;0;0;0;0;82;10_isOrigin;0;0;0;0;10_003016;88;0;0;0;0;0;0;0;0;0;
0;0;0;0;15;10_isOrigin;0;0;0;0;0;0;0;0;0;82;10_isOrigin;0;0;0;0;10_004016;0;0;0;0;0;0;0;0;0;0;
0;0;0;10_002002;10_007005;4;10_isOrigin;0;0;0;0;0;0;0;0;83;0;0;0;0;0;10_005016;0;0;0;0;0;0;0;0;0;0;
0;0;0;0;0;0;0;0;0;0;0;0;0;0;0;0;0;0;0;0;0;10_006016;0;0;0;0;0;0;0;0;0;0;
0;0;0;0;0;0;0;0;0;0;0;0;0;0;0;0;0;0;0;0;0;0;0;0;0;0;0;0;10_013024;36;0;0;
0;0;0;0;0;0;0;0;0;0;0;0;0;0;0;0;0;0;0;0;0;0;0;81_004999999next a+;0;0;0;0;10_012027;87_014002;0;0;
0;0;0;0;0;10_015003;0;0;0;0;0;0;0;0;0;0;0;0;0;0;0;0;0;82;10_isOrigin;10_012024;11;10_isOrigin;10_012027;88;0;0;
0;0;0;0;0;0;15;10_isOrigin;10_013007;0;0;0;0;0;0;0;0;0;0;0;0;0;0;82;10_isOrigin;0;0;0;10_013024;0;0;0;
0;0;81_004999999loop;0;0;10_015003;0;0;0;13;10_isOrigin;0;0;0;0;0;0;0;0;0;0;0;0;82;10_isOrigin;0;0;0;10_014024;0;0;0;
0;0;82;10_isOrigin;0;10_016003;0;0;10_016007;0;0;0;0;0;10_018003;31;0;0;0;0;0;0;0;82;10_isOrigin;0;0;0;10_015024;0;0;0;
0;0;82;10_isOrigin;0;0;15;10_isOrigin;0;0;0;0;0;0;10_014010;87_011023;0;0;0;0;0;0;0;83;0;0;0;0;0;0;0;0;
0;0;82;10_isOrigin;0;10_016003;0;0;0;0;0;0;0;0;10_015003;88;0;0;0;0;0;0;0;0;0;0;0;0;0;0;0;0;
0;0;82;10_isOrigin;0;0;0;0;0;0;0;10_014010;35;0;10_016003;88;0;0;0;0;0;0;0;0;0;0;0;0;10_020024;36;0;0;
0;0;83;0;0;0;0;0;0;0;0;10_018003;87_002015;0;10_017003;88;0;0;0;0;0;0;0;81_004999999next b-;0;0;0;0;10_021027;87_014002;0;0;
0;0;0;0;0;0;0;0;0;0;0;10_015003;88;0;10_018003;88;0;0;0;0;0;0;0;82;10_isOrigin;0;0;0;10_020024;88;0;0;
0;0;0;0;0;0;0;0;0;0;0;10_016003;88;0;0;0;0;0;0;0;0;0;0;82;10_isOrigin;10_021024;12;10_isOrigin;10_021027;88;0;0;
0;0;0;0;0;0;0;0;0;0;0;10_017003;88;0;0;0;0;0;0;0;0;0;0;82;10_isOrigin;0;0;0;10_022024;88;0;0;
0;0;0;0;0;0;0;0;0;0;0;10_018003;88;0;0;0;0;0;0;0;0;0;0;82;10_isOrigin;0;0;0;10_023024;88;0;0;
0;0;0;0;0;0;0;0;0;0;0;10_014010;88;0;0;0;0;0;0;0;0;0;0;83;0;0;0;0;0;0;0;0;
0;0;0;0;0;0;0;0;0;0;0;0;0;0;0;0;0;87_019023;0;0;0;0;0;0;0;0;0;0;0;0;0;0;
0;0;0;0;0;0;0;0;0;0;0;0;0;0;0;0;10_015003;88;0;0;0;0;0;0;0;0;0;0;0;0;0;0;
0;0;0;0;0;0;0;0;0;0;0;0;0;0;0;0;10_016003;88;0;0;0;0;0;0;0;0;0;0;0;0;0;0;
0;0;0;0;0;0;0;0;0;0;0;0;0;0;0;0;10_017003;88;0;0;0;0;0;0;0;0;0;0;0;0;0;0;
0;0;0;0;0;0;0;0;0;0;0;0;0;0;0;0;10_018003;88;0;0;0;0;0;0;0;0;0;0;0;0;0;0;
0;0;0;0;0;0;0;0;0;0;0;0;0;0;0;0;0;0;0;0;0;0;0;0;0;0;0;0;0;0;0;0;
0;0;0;0;0;0;0;0;0;0;0;0;0;0;0;0;0;0;0;0;0;0;0;0;0;0;0;0;0;0;0;0;
