Data V1.1
32
0;0;0;0;0;0;0;0;0;0;0;0;0;0;0;0;0;0;0;0;0;0;0;0;0;0;0;84_001;0;0;0;0;
0;0;0;0;0;0;0;0;0;0;0;0;0;0;0;0;0;0;0;0;0;81_002003025max;0;0;0;0;10_002022;85;0;0;0;0;
0;0;0;0;0;87_007002;0;0;0;0;0;0;0;0;0;0;0;0;0;0;0;82;10_isOrigin;0;10_002022;33;0;86;0;0;0;0;
0;0;3_length;10_isOrigin;10_003003;88;0;0;0;0;0;0;0;0;0;0;0;0;0;0;0;82;10_isOrigin;0;10_003022;84_001;0;0;0;0;0;0;
0;0;8_0;10_isOrigin;10_004003;0;0;0;0;0;0;0;0;0;0;0;0;0;0;0;0;83;0;0;10_003022;85;0;0;0;0;0;0;
0;0;8_0;10_isOrigin;10_005003;0;0;0;0;0;0;0;0;0;0;0;0;0;0;0;0;0;0;0;0;86;0;0;0;0;0;0;
0;0;0;0;0;0;0;0;0;0;0;0;87_022002;0;0;81_002999999end;0;0;87_001021;0;0;0;0;0;0;0;0;0;0;0;0;0;
0;0;81_003999999main;0;0;0;0;0;0;0;0;10_008006;88;0;0;82;10_isOrigin;10_007016;88;10_isOrigin;10_007019;4_maxLength;10_isOrigin;0;0;0;0;0;0;0;0;0;
0;0;82;10_isOrigin;10_008003;12;10_isOrigin;0;0;0;0;10_009003;0;0;0;82;10_isOrigin;10_008016;88;0;0;0;0;0;0;0;0;0;0;0;0;0;
0;0;82;10_isOrigin;0;0;3;10_isOrigin;10_009007;35;0;10_010003;0;0;0;83;0;0;0;0;0;0;0;0;0;0;0;0;0;0;0;0;
0;0;82;10_isOrigin;0;0;8_0;10_isOrigin;10_010007;87_015002;0;0;0;0;0;0;0;0;0;0;0;0;0;0;0;0;0;0;0;0;0;0;
0;0;83;0;0;0;0;0;10_008006;88;0;0;0;0;0;0;0;0;0;0;0;0;0;0;0;0;0;0;0;0;0;0;
0;0;0;0;0;0;0;0;10_009003;0;0;0;0;0;0;0;0;0;0;0;0;0;0;0;0;0;0;0;0;0;0;0;
0;0;0;0;0;0;0;0;10_010003;0;0;0;0;0;0;0;0;0;0;0;0;0;0;0;0;0;0;0;0;0;0;0;
0;0;0;0;0;8_0;10_isOrigin;10_014006;33;0;0;0;0;0;0;0;0;0;0;0;0;0;0;0;0;0;0;0;0;0;0;0;
0;0;81_003999999road;0;0;0;0;10_016003;87_007002;0;0;0;0;0;0;0;0;0;0;0;0;0;0;0;0;0;0;0;0;0;0;0;
0;0;82;10_isOrigin;0;0;0;10_016003;88;0;0;0;0;0;0;0;0;0;0;0;0;0;0;0;0;0;0;0;0;0;0;0;
0;0;82;10_isOrigin;10_017003;11;10_isOrigin;10_017006;88;0;87_006015;0;0;0;0;0;0;0;0;0;0;0;0;0;0;0;0;0;0;0;0;0;
0;0;82;10_isOrigin;0;0;0;10_018003;88;10_017006;88;0;0;0;0;0;0;0;0;0;0;0;0;0;0;0;0;0;0;0;0;0;
0;0;83;0;0;0;0;0;0;10_018003;88;0;0;0;0;0;0;0;0;0;0;0;0;0;0;0;0;0;0;0;0;0;
0;0;0;0;0;0;0;0;0;0;0;0;0;0;0;0;0;0;0;0;0;0;0;0;0;0;0;0;0;0;0;0;
0;0;0;0;0;0;0;0;0;8_0;10_isOrigin;10_021010;33;0;0;0;0;0;0;0;0;0;0;0;0;0;0;0;0;0;0;0;
0;0;81_003999999hole;0;0;0;0;0;0;0;0;10_023003;87_007002;0;0;0;0;0;0;0;0;0;0;0;0;0;0;0;0;0;0;0;
0;0;82;10_isOrigin;0;0;0;0;0;0;0;10_023003;88;0;0;0;0;0;0;0;0;0;0;0;0;0;0;0;0;0;0;0;
0;0;82;10_isOrigin;0;0;87_001021;0;0;8_0;10_isOrigin;10_024010;88;0;0;0;0;0;0;0;0;0;0;0;0;0;0;0;0;0;0;0;
0;0;82;10_isOrigin;0;10_024003;88;10_isOrigin;0;0;0;10_025007;88;0;0;0;0;0;0;0;0;0;0;0;0;0;0;0;0;0;0;0;
0;0;83;0;0;10_025003;88;0;0;0;0;0;0;0;87_006015;0;0;0;0;0;0;0;0;0;0;0;0;0;0;0;0;0;
0;0;0;0;0;0;0;0;0;0;0;0;0;10_024010;88;0;0;0;0;0;0;0;0;0;0;0;0;0;0;0;0;0;
0;0;0;0;0;0;0;0;0;0;0;0;0;10_025007;88;0;0;0;0;0;0;0;0;0;0;0;0;0;0;0;0;0;
0;0;0;0;0;0;0;0;0;0;0;0;0;0;0;0;0;0;0;0;0;0;0;0;0;0;0;0;0;0;0;0;
0;0;0;0;0;0;0;0;0;0;0;0;0;0;0;0;0;0;0;0;0;0;0;0;0;0;0;0;0;0;0;0;
0;0;0;0;0;0;0;0;0;0;0;0;0;0;0;0;0;0;0;0;0;0;0;0;0;0;0;0;0;0;0;0;
